Glowny_Cennik
300
400
275
350
250
300
225
275
225
275
225
275
225
275
225
275
225
275
225
275
275
325
300
350
325
375
400
450
500
600
700
900
1000
1500
1200
1800
1500
2000
1500
2000
1500
2000
1300
1800
1300
1800
1300
1800
1500
2000
1300
2000
1300
2000
1200
1600
1200
1600
1200
1600
1500
2000
1200
1500
1200
1600
1200
1700
1350
1750
1500
1900
2000
3000
1800
1700
1900
4000
2000
2500
1800
2400
1700
2100
1500
1900
1100
1300
800
1000
600
750
400
500
350
450
1
1.5
2
2.5
Drogi_Cennik
540
720
495
630
450
540
405
495
405
495
405
495
405
495
405
495
405
495
405
495
495
585
540
630
585
675
720
810
900
1080
1260
1620
1800
2700
2160
3240
2700
3600
2700
3600
2700
3600
2340
3240
2340
3240
2340
3240
2700
3600
2340
3600
2340
3600
2160
2880
2160
2880
2160
2880
2700
3600
2160
2700
2160
2880
2160
3060
2430
3150
2700
3420
3600
5400
3240
3060
3420
7200
3600
4500
3240
4320
3060
3780
2700
3420
1980
2340
1440
1800
1080
1350
720
900
630
810
1.2
2
2.5
3
Qwerty0
1
1
1
1
1
1
1
2
3
4
5
6
7
6
5
4
5
6
7
8
9
0
89
87
7
0
5
5
5
6
7
8
9
7
6
5
4
55
6
7
8
9
8
12.85
6
5
6
7
8
7
7
7
7
7
7
7
7
7
7
7
6
5
6
7
8
9
8
7
6
5
4
3
4
5
6
6
6
6
9
0
9
8
7
7
7
7
7
6
5
4
4
4
4
4
4
4
12
13
14
15
hej
1
2
3
4
5
6
7
8
9
123
34
56
34
234
56
67
45
34
45
434
23
56
78
45
67
34
67
878
23
767
45
34
3
4
5
6
7
8
9
7
6
5
4
5
5
6
7
7
7
7
7
7
7
7
7
7
7
7
7
7
7
7
7
7
8
7
7
7
7
7
7
-9.25596e+61
7
7
7
6
5
4
4
5
6
6
6
6
6
7
5
4
4
4
5
6
7
6
6
3
5
34
2
98
Qwerty1
1
1
1
1
1
1
1
2
3
4
5
6
7
6
5
4
5
6
7
8
9
0
89
87
7
67
5
5
5
6
7
8
9
7
6
5
4
55
6
7
8
9
8
7
6
5
6
7
8
7
7
7
7
7
7
7
7
7
7
7
6
5
6
7
8
9
8
7
6
5
4
3
4
5
6
6
6
6
9
0
9
8
7
7
7
7
7
6
5
4
4
4
4
4
4
69
12
13
14
21
