Pierwszy
100000
1
0
1
0
1
0
1
0
1
0
1
0
1
0
Drugi
110000
1
1
1
0
1
1
1
0
1
1
1
0
1
1
Trzeci
120000
1
1
1
1
1
1
1
1
1
1
1
1
1
1
Czwarty
130000
1
0
1
0
1
0
1
0
1
0
1
0
1
0
Piaty
150000
1
1
1
0
1
1
1
0
1
1
1
0
1
1
Szosty
180000
1
1
1
1
1
1
1
1
1
1
1
1
1
1
Siodmy
200000
1
0
1
0
1
0
1
0
1
0
1
0
1
0
Osmy
123098
1
1
1
0
1
1
1
0
1
1
1
0
1
1
Dziewiaty
150000
1
1
1
1
1
1
1
1
1
1
1
1
1
1
